 1.55711804e+00 -1.69551280e+00
 1.54609089e+00 -4.54406760e+00
 -5.60928549e+00 -1.65428702e+00
 -2.91096087e+00 -1.27225242e-01
 -1.87895297e+00 -9.64505249e-02
 2.06791630e+00 1.13449023e-02
 -2.33061391e+00 1.42125533e+00
 -2.40586962e-01 -1.33554885e+00
 -2.31622100e+00 -1.11778656e+00
 -1.45773832e-01 -4.61242292e-01
 8.24477108e-01 -1.58183317e+00
 1.82121317e+00 -8.21557070e-01
 3.00786752e+00 -3.91496383e-01
 2.27021631e+00 -2.61229898e+00
 4.97207906e-01 2.45928576e+00
 -3.48078687e-01 6.12757469e-01
 -2.57508214e+00 -1.44708823e+00
 -3.68456055e+00 9.71479683e-01
 -3.94349662e+00 5.03707647e-01
 -5.04002527e+00 1.66558338e+00
 1.69477387e+00 2.14657113e+00
 2.16377648e+00 -2.97018312e+00
 -3.92257591e+00 4.27386716e-01
 -8.48234672e-01 2.77135472e+00
 4.21661846e-01 2.10117372e+00
 9.50442324e-01 7.85797087e-01
 -4.28358719e-01 -1.29379889e-01
 2.01951336e+00 -2.68061433e+00
 4.93748952e+00 4.37994653e-01
 -8.05259078e-01 -3.52888112e+00
