 7.294208199621451
 -4.721361700033668
 7.677880776803018
 0.1048559124244175
 11.53295583410186
 11.55782622290937
 2.308084421551218
 10.89977789365998
 2.201878378636975
 10.68461080213464
 3.294081277728287
 9.336882648174736
 -1.351700634427671
 5.221092990967602
 10.86744888220679
 -3.090656114556829
 11.70153633727771
 -0.06475209777036461
 5.222648427778394
 3.301639128149055
 8.637995027833377
 10.7866376342346
 2.990483974599271
 2.193598087045677
 2.49583970953582
 4.607323863551347
 -4.79096284002738
 -0.980415173962113
 8.906487352560012
 -0.8849876242562909
 -2.04266431303024
 3.395574723670197
 0.00867808249794777
 0.08682965940336818
 2.970025330049595
 -1.095057999564749
 -3.358407146725207
 4.615602522994587
 10.13831075503956
 -2.024087708631842
 2.559984906565552
 1.552269871615898
 3.160333919978731
 6.289412102420695
 3.084604181132634
 10.2865976054695
 -5.089326670582127
 0.2465240813314491
 3.093859201345162
 0.3827041590804132
 2.999338559332857
 8.613268655623623
 2.747037236386766
 10.85654723600191
 10.13651302754556
 2.819989527307906
 4.147970050213292
 2.09153556265559
 -3.608810580264166
 8.961423870118244
 -2.692135693324451
 7.107632782315829
 -5.614104069809301
 10.00247919316233
 2.632905970871942
 0.1215702348754855
 3.407729725832084
 -4.386859631235576
 -5.535075615271059
 -3.629293281000303
 -3.133924568382286
 -4.289922477633359
 -0.7690278188193762
 10.87311755496285
 3.178285633000073
 3.785276147386885
 11.40381508488158
 9.450850339732533
 7.070267380503404
 -4.665622483828305
 3.077941296923598
 7.350507159043616
 11.9904402127385
 11.2800237145663
 5.008078160250028
 -3.470655457147545
 4.244181566433374
 -4.070573268597355
 2.928648134595635
 4.819116766600121
 2.700388374828206
 1.911570883664519
 -0.8454836642852426
 0.8638345896053394
 5.227773921755029
 2.569123437800325
 10.3725557008495
 0.06305549469674254
 2.802889814529234
 -4.101902834818582
 5.840950768823104
 9.381914068412499
 11.76933698962808
 3.469001500334347
 2.743944958733838
 7.173320119881993
 0.08037584278577192
 3.472826045391666
 3.14770798702782
 9.23401425374205
 2.711485073095815
 3.747678096169702
 -4.928405442732716
 3.305900411328378
 0.6692793740851881
 3.022220760261231
 7.799883051946274
 -0.3656843819830327
 8.759935572390546
 3.077835305388143
 -0.6982234491559467
 3.638144947334266
 2.658374738510993
 0.2421135524384566
 -5.473215872203807
 -1.029418087501236
 0.7141882266686803
 0.9407970498102314
 3.502316537408174
 10.71230959359739
 7.688574007564627
 2.683514314785755
 -2.862816036983831
 -5.306364934845028
 3.253689128547754
 -2.699417966206595
 5.03786118423254
 -4.713978078954991
 -4.905198829574831
 2.090836117116021
 0.1865746790888236
 5.838726736211669
 2.968950757905882
 1.638611879539561
 -2.119267566756115
 11.44528674864593
 -5.792882052786091
 -2.445299325400736
 3.222632183939583
 3.028314170844829
 -1.149638791020156
 5.617052810161768
 -1.540884721005254
 2.669897295855334
 2.708889845967991
 6.091314739672232
 -5.542913637663417
 4.044722088818309
 -0.0344223952837277
 8.352326711379259
 8.351762514653171
 -5.91504249177332
 -5.272465118599603
 9.974419771018226
 -2.532706312019723
 7.424337625756854
 -4.914888680001974
 10.12160325548817
 2.561348693853575
 11.72848568165705
 2.8587757041538
 -4.381681071272126
 -1.977159985623026
 -2.137517911242768
 0.07671043822705315
 0.9066060485202465
 2.550946158584303
 -5.830082100851651
 2.75508479986231
 -0.5203379330346367
 -5.581008458322827
 -3.533847545988632
 7.281011133023418
 2.848297148860924
 2.485871501726377
 -3.002914474627693
 3.320748973193473
 5.405472924439549
 3.25039716265559
 4.632507193632909
 -2.58145788791538
 8.598757681880658
 11.96324616337198
 3.270364112860642
 3.055828464932106
 8.101880429416902
 -4.54404757855884
 -4.869892471809637
 4.216207625108655
 10.48988742102545


